Layer	Head	Similar Layer	Similar Head	Diff
1	0	0	31	651.0
1	1	0	31	1403.0
1	2	0	31	1061.0
1	3	0	31	1478.0
1	4	0	31	860.0
1	5	0	31	830.5
1	6	0	31	591.0
1	7	0	31	392.0
1	8	0	31	1996.0
1	9	0	31	1494.0
1	10	0	0	2142.0
1	11	0	31	957.0
1	12	0	31	1040.0
1	13	0	31	417.75
1	14	0	31	812.0
1	15	0	31	675.5
1	16	0	31	728.0
1	17	0	31	918.0
1	18	0	31	498.75
1	19	0	31	944.5
1	20	0	31	1646.0
1	21	0	31	1470.0
1	22	0	31	1241.0
1	23	0	31	1559.0
1	24	0	31	572.0
1	25	0	31	593.0
1	26	0	31	709.0
1	27	0	31	508.75
1	28	0	17	2160.0
1	29	0	31	1792.0
1	30	0	31	1256.0
1	31	0	30	1812.0
2	0	1	27	619.0
2	1	1	6	452.5
2	2	0	31	365.0
2	3	0	31	297.25
2	4	1	22	927.5
2	5	1	22	785.0
2	6	1	22	623.5
2	7	1	0	504.25
2	8	0	31	217.875
2	9	0	31	322.25
2	10	1	27	541.0
2	11	0	31	306.0
2	12	0	31	433.25
2	13	0	31	504.75
2	14	1	22	1142.0
2	15	1	25	905.0
2	16	0	31	442.25
2	17	0	31	296.25
2	18	0	31	420.25
2	19	1	12	789.0
2	20	0	31	911.5
2	21	0	31	917.0
2	22	0	31	1926.0
2	23	0	31	774.0
2	24	1	13	480.25
2	25	0	31	592.5
2	26	0	31	410.5
2	27	0	31	326.25
2	28	0	31	503.75
2	29	1	27	672.0
2	30	1	27	525.5
2	31	1	0	491.75
3	0	2	19	1109.0
3	1	2	3	361.0
3	2	2	16	567.0
3	3	2	3	228.875
3	4	2	8	162.25
3	5	2	11	290.75
3	6	2	8	273.75
3	7	2	8	208.125
3	8	2	7	532.5
3	9	2	24	562.0
3	10	2	7	434.5
3	11	2	17	289.5
3	12	2	10	819.5
3	13	2	8	479.75
3	14	2	8	280.0
3	15	2	8	423.75
3	16	2	18	417.25
3	17	1	18	345.5
3	18	1	18	334.25
3	19	1	25	507.25
3	20	1	12	653.0
3	21	2	5	810.5
3	22	2	19	893.0
3	23	1	2	783.0
3	24	2	30	699.0
3	25	2	17	356.75
3	26	2	18	309.75
3	27	2	24	739.0
3	28	2	4	850.0
3	29	2	5	850.5
3	30	1	11	942.0
3	31	2	7	877.5
4	0	3	1	641.5
4	1	3	20	670.5
4	2	3	1	473.25
4	3	3	1	314.0
4	4	3	10	680.5
4	5	1	31	1032.0
4	6	2	5	1312.0
4	7	3	30	859.0
4	8	3	12	792.0
4	9	2	7	583.5
4	10	2	6	665.5
4	11	3	19	535.0
4	12	3	18	585.0
4	13	1	21	1013.0
4	14	3	17	384.5
4	15	3	29	1227.0
4	16	1	23	2214.0
4	17	3	8	575.5
4	18	1	11	595.5
4	19	3	22	2040.0
4	20	2	6	857.0
4	21	2	3	273.5
4	22	2	4	765.5
4	23	3	13	660.5
4	24	2	7	531.5
4	25	1	11	720.0
4	26	3	19	820.5
4	27	3	28	912.5
4	28	3	1	302.75
4	29	3	1	312.5
4	30	2	3	208.625
4	31	2	16	453.5
5	0	3	9	461.0
5	1	4	10	1128.0
5	2	3	10	849.5
5	3	4	17	682.5
5	4	2	4	1272.0
5	5	4	19	2096.0
5	6	2	4	1255.0
5	7	3	22	1510.0
5	8	2	22	1362.0
5	9	2	21	979.5
5	10	2	21	1185.0
5	11	2	22	1587.0
5	12	3	9	747.0
5	13	4	24	610.0
5	14	4	18	642.0
5	15	4	25	734.0
5	16	4	9	892.5
5	17	3	22	1746.0
5	18	4	22	1357.0
5	19	4	5	994.5
5	20	3	25	401.25
5	21	4	3	585.5
5	22	1	22	1282.0
5	23	4	20	910.5
5	24	4	10	1046.0
5	25	2	4	1039.0
5	26	3	8	634.0
5	27	4	10	1061.0
5	28	4	27	870.5
5	29	4	17	879.0
5	30	3	28	891.5
5	31	4	18	777.0
6	0	4	18	699.0
6	1	4	24	896.5
6	2	1	2	1140.0
6	3	3	23	1140.0
6	4	4	17	935.5
6	5	4	5	1003.5
6	6	4	6	1424.0
6	7	4	7	898.0
6	8	2	7	551.5
6	9	5	6	1343.0
6	10	1	1	778.0
6	11	3	10	769.0
6	12	3	31	837.5
6	13	4	27	979.5
6	14	5	6	1297.0
6	15	5	28	828.5
6	16	4	24	701.5
6	17	4	22	1041.0
6	18	4	26	1243.0
6	19	3	8	912.5
6	20	5	17	1577.0
6	21	5	7	1634.0
6	22	4	15	1667.0
6	23	3	29	1124.0
6	24	2	6	993.0
6	25	5	18	1985.0
6	26	2	6	1117.0
6	27	4	3	723.5
6	28	2	14	1731.0
6	29	3	30	1288.0
6	30	4	4	806.0
6	31	2	14	2070.0
7	0	6	18	948.5
7	1	5	14	938.0
7	2	6	13	1228.0
7	3	4	19	1697.0
7	4	6	13	1282.0
7	5	4	12	500.5
7	6	5	7	1306.0
7	7	5	7	1412.0
7	8	6	13	1495.0
7	9	3	29	1400.0
7	10	5	16	1467.0
7	11	6	12	1097.0
7	12	4	27	1179.0
7	13	5	25	1550.0
7	14	6	0	815.5
7	15	5	27	1382.0
7	16	5	25	1152.0
7	17	5	16	1046.0
7	18	5	16	1039.0
7	19	6	4	844.5
7	20	2	4	981.5
7	21	5	7	1637.0
7	22	6	24	1396.0
7	23	4	19	1893.0
7	24	4	15	1391.0
7	25	6	26	1748.0
7	26	6	14	1273.0
7	27	5	4	1762.0
7	28	6	7	1142.0
7	29	6	7	1055.0
7	30	4	9	1014.0
7	31	2	4	1196.0
8	0	5	1	1881.0
8	1	5	8	1853.0
8	2	7	26	1552.0
8	3	6	28	1589.0
8	4	6	15	980.0
8	5	7	0	1142.0
8	6	7	14	821.5
8	7	7	6	1388.0
8	8	5	5	2080.0
8	9	7	3	1835.0
8	10	7	6	1296.0
8	11	4	16	2122.0
8	12	7	18	1359.0
8	13	6	18	1184.0
8	14	4	10	1110.0
8	15	7	18	1011.5
8	16	6	5	1355.0
8	17	4	23	881.0
8	18	3	22	1252.0
8	19	7	18	1361.0
8	20	5	26	1099.0
8	21	7	13	1340.0
8	22	7	2	1050.0
8	23	7	0	1315.0
8	24	3	21	1194.0
8	25	5	27	1552.0
8	26	4	10	1242.0
8	27	4	10	1256.0
8	28	7	18	1530.0
8	29	6	6	1779.0
8	30	6	21	1517.0
8	31	5	5	2342.0
9	0	8	30	1273.0
9	1	8	30	1648.0
9	2	8	29	1709.0
9	3	8	29	1708.0
9	4	2	6	909.0
9	5	3	23	921.5
9	6	3	21	775.5
9	7	3	20	653.0
9	8	1	10	1141.0
9	9	7	12	1452.0
9	10	6	18	1306.0
9	11	7	2	1096.0
9	12	8	27	1814.0
9	13	8	9	1993.0
9	14	8	27	1583.0
9	15	7	13	1992.0
9	16	7	16	1015.0
9	17	6	20	1476.0
9	18	6	5	1222.0
9	19	6	6	1842.0
9	20	8	24	1323.0
9	21	8	10	1187.0
9	22	7	18	1382.0
9	23	8	7	1513.0
9	24	8	6	803.0
9	25	6	28	1647.0
9	26	8	6	714.5
9	27	6	31	2110.0
9	28	8	30	1421.0
9	29	7	16	1422.0
9	30	7	4	1204.0
9	31	8	9	2025.0
10	0	8	23	1364.0
10	1	9	31	1804.0
10	2	4	16	1862.0
10	3	8	9	1665.0
10	4	5	21	750.0
10	5	9	7	917.0
10	6	6	24	1124.0
10	7	6	26	1355.0
10	8	7	26	1321.0
10	9	7	12	1180.0
10	10	8	23	1060.0
10	11	9	26	756.5
10	12	1	2	1434.0
10	13	6	31	1951.0
10	14	8	1	1933.0
10	15	9	8	1317.0
10	16	8	22	1208.0
10	17	9	28	1333.0
10	18	9	31	1927.0
10	19	9	0	1904.0
10	20	7	18	1325.0
10	21	7	18	1228.0
10	22	9	16	1141.0
10	23	7	18	1317.0
10	24	9	0	1435.0
10	25	7	30	1200.0
10	26	7	13	1361.0
10	27	8	25	1640.0
10	28	8	27	1571.0
10	29	7	22	2044.0
10	30	6	13	1346.0
10	31	9	31	1908.0
11	0	10	26	1252.0
11	1	8	27	1289.0
11	2	5	24	1466.0
11	3	9	21	1165.0
11	4	10	4	1257.0
11	5	8	9	2052.0
11	6	10	3	1605.0
11	7	8	9	1542.0
11	8	10	8	1519.0
11	9	9	30	1474.0
11	10	7	29	1119.0
11	11	6	14	1460.0
11	12	9	31	1929.0
11	13	7	6	1367.0
11	14	9	23	1577.0
11	15	9	29	1487.0
11	16	8	22	1091.0
11	17	9	8	1201.0
11	18	7	13	1481.0
11	19	8	22	1136.0
11	20	8	10	1162.0
11	21	9	20	1300.0
11	22	9	28	1322.0
11	23	10	17	1396.0
11	24	9	23	1444.0
11	25	9	30	1384.0
11	26	9	23	1474.0
11	27	9	21	1442.0
11	28	10	5	1072.0
11	29	10	6	1226.0
11	30	10	7	1466.0
11	31	8	22	955.0
12	0	8	21	1166.0
12	1	11	13	1773.0
12	2	7	4	1665.0
12	3	11	11	1511.0
12	4	9	30	1409.0
12	5	9	21	1328.0
12	6	9	21	1299.0
12	7	11	8	1494.0
12	8	11	3	1168.0
12	9	9	30	1329.0
12	10	11	22	1413.0
12	11	11	25	1273.0
12	12	10	0	1970.0
12	13	11	10	1109.0
12	14	11	22	1294.0
12	15	11	11	1406.0
12	16	10	15	1330.0
12	17	6	1	1070.0
12	18	11	31	1094.0
12	19	5	13	878.5
12	20	10	10	1003.5
12	21	10	8	980.0
12	22	8	6	898.0
12	23	10	9	1308.0
12	24	7	28	1408.0
12	25	7	4	1367.0
12	26	10	9	1469.0
12	27	11	25	1348.0
12	28	11	10	1203.0
12	29	10	8	1444.0
12	30	8	13	1265.0
12	31	11	25	1295.0
13	0	11	22	1521.0
13	1	11	22	2048.0
13	2	12	10	1927.0
13	3	8	30	1936.0
13	4	9	12	1798.0
13	5	9	12	1550.0
13	6	11	5	2080.0
13	7	12	21	1299.0
13	8	11	7	1991.0
13	9	9	0	1732.0
13	10	11	22	1566.0
13	11	9	1	1840.0
13	12	10	27	1643.0
13	13	11	21	1615.0
13	14	10	21	1644.0
13	15	11	1	1416.0
13	16	9	28	1605.0
13	17	12	14	1788.0
13	18	9	31	2050.0
13	19	12	7	1607.0
13	20	8	14	1242.0
13	21	11	21	1767.0
13	22	8	15	1242.0
13	23	11	0	1326.0
13	24	10	9	1261.0
13	25	12	20	1345.0
13	26	6	2	1377.0
13	27	10	5	1431.0
13	28	8	23	1611.0
13	29	12	13	1190.0
13	30	8	25	1648.0
13	31	12	1	1661.0
14	0	11	1	1285.0
14	1	11	1	1334.0
14	2	11	1	1359.0
14	3	8	26	1186.0
14	4	12	6	1499.0
14	5	13	15	1533.0
14	6	12	5	1385.0
14	7	12	11	1280.0
14	8	9	10	1212.0
14	9	11	19	1077.0
14	10	11	17	1209.0
14	11	11	16	1117.0
14	12	13	23	1476.0
14	13	13	1	1734.0
14	14	9	28	1428.0
14	15	10	23	1526.0
14	16	7	23	1802.0
14	17	1	25	1233.0
14	18	10	3	1797.0
14	19	4	16	1361.0
14	20	13	17	1506.0
14	21	12	7	1393.0
14	22	13	17	1631.0
14	23	12	11	1581.0
14	24	11	1	1232.0
14	25	4	10	1203.0
14	26	0	2	1368.0
14	27	2	5	1099.0
14	28	13	16	1515.0
14	29	13	8	1780.0
14	30	13	17	1463.0
14	31	13	1	1886.0
15	0	12	19	1352.0
15	1	5	10	1533.0
15	2	10	12	1256.0
15	3	10	5	1543.0
15	4	12	31	1595.0
15	5	12	15	1806.0
15	6	13	28	1388.0
15	7	14	8	1167.0
15	8	13	24	1225.0
15	9	12	0	1408.0
15	10	12	20	1443.0
15	11	12	31	1554.0
15	12	7	17	1289.0
15	13	14	25	1222.0
15	14	14	25	1322.0
15	15	3	21	1124.0
15	16	12	29	1440.0
15	17	10	5	1070.0
15	18	10	6	1156.0
15	19	9	4	1038.0
15	20	12	7	1394.0
15	21	13	15	1620.0
15	22	14	2	1177.0
15	23	14	1	1272.0
15	24	8	16	1462.0
15	25	14	24	1368.0
15	26	13	12	1529.0
15	27	14	25	1328.0
15	28	10	12	1274.0
15	29	10	13	1878.0
15	30	2	22	1608.0
15	31	11	31	1235.0
16	0	14	18	1598.0
16	1	15	1	1892.0
16	2	15	16	1686.0
16	3	1	22	1487.0
16	4	9	24	1324.0
16	5	2	6	982.0
16	6	6	1	1363.0
16	7	2	4	1280.0
16	8	15	15	1200.0
16	9	3	25	462.5
16	10	14	25	1311.0
16	11	3	25	503.25
16	12	10	11	949.5
16	13	12	17	1065.0
16	14	12	17	956.0
16	15	12	17	1073.0
16	16	15	10	1180.0
16	17	15	8	1368.0
16	18	4	10	1070.0
16	19	14	22	1546.0
16	20	5	10	1447.0
16	21	3	25	869.5
16	22	15	0	1579.0
16	23	2	20	1314.0
16	24	15	22	1193.0
16	25	15	23	1709.0
16	26	15	22	1543.0
16	27	14	1	1501.0
16	28	15	8	1242.0
16	29	14	11	1024.0
16	30	12	12	834.5
16	31	12	0	1218.0
17	0	16	9	660.5
17	1	16	9	855.0
17	2	4	30	458.0
17	3	15	27	1364.0
17	4	16	15	1470.0
17	5	16	15	1124.0
17	6	16	16	1328.0
17	7	16	6	1336.0
17	8	2	6	1172.0
17	9	5	20	904.5
17	10	15	19	1206.0
17	11	15	31	1072.0
17	12	10	10	1154.0
17	13	13	31	1718.0
17	14	2	24	855.5
17	15	12	24	1515.0
17	16	4	0	857.0
17	17	3	25	569.0
17	18	2	29	1117.0
17	19	4	28	819.5
17	20	16	6	1257.0
17	21	16	19	1542.0
17	22	16	16	1444.0
17	23	16	9	567.0
17	24	16	19	1436.0
17	25	16	19	1631.0
17	26	14	3	1338.0
17	27	16	19	1434.0
17	28	15	15	1232.0
17	29	16	26	1711.0
17	30	15	12	1148.0
17	31	14	0	1519.0
18	0	16	10	1491.0
18	1	4	30	239.625
18	2	16	9	662.5
18	3	4	30	183.625
18	4	4	21	657.0
18	5	1	27	534.5
18	6	3	25	348.5
18	7	5	26	999.5
18	8	17	26	1440.0
18	9	17	28	1166.0
18	10	3	29	1220.0
18	11	2	4	1268.0
18	12	4	9	997.0
18	13	0	31	181.375
18	14	17	0	902.5
18	15	3	11	523.0
18	16	17	26	1185.0
18	17	2	8	256.25
18	18	17	23	1002.0
18	19	17	16	1025.0
18	20	17	24	1332.0
18	21	0	31	177.375
18	22	17	24	1302.0
18	23	2	6	1112.0
18	24	16	4	1383.0
18	25	6	12	1286.0
18	26	17	20	1206.0
18	27	16	7	1249.0
18	28	16	19	1633.0
18	29	14	21	1547.0
18	30	2	24	812.0
18	31	5	20	851.0
19	0	18	6	794.5
19	1	18	6	491.25
19	2	17	18	1178.0
19	3	16	0	1625.0
19	4	17	9	858.5
19	5	18	1	572.5
19	6	17	17	678.5
19	7	16	14	778.0
19	8	17	20	1136.0
19	9	17	21	1671.0
19	10	6	16	1118.0
19	11	17	22	1291.0
19	12	15	28	1408.0
19	13	16	0	1695.0
19	14	16	0	1460.0
19	15	15	2	1138.0
19	16	18	1	495.0
19	17	17	17	787.0
19	18	18	1	558.5
19	19	17	17	739.0
19	20	18	10	1301.0
19	21	18	5	526.5
19	22	5	20	726.0
19	23	18	29	1393.0
19	24	18	21	112.4375
19	25	18	1	419.5
19	26	3	4	292.25
19	27	18	17	350.0
19	28	18	13	224.25
19	29	18	13	182.375
19	30	18	1	519.5
19	31	18	13	241.25
20	0	17	6	1613.0
20	1	16	21	1375.0
20	2	19	1	526.5
20	3	4	26	1331.0
20	4	19	28	438.5
20	5	19	29	428.0
20	6	19	16	675.5
20	7	19	28	431.0
20	8	19	10	932.5
20	9	15	15	1313.0
20	10	19	27	453.75
20	11	17	1	1180.0
20	12	17	27	1560.0
20	13	19	3	1470.0
20	14	19	3	1241.0
20	15	19	0	933.5
20	16	18	3	261.5
20	17	19	29	190.75
20	18	18	1	208.75
20	19	19	29	168.75
20	20	17	17	1041.0
20	21	2	24	643.5
20	22	18	10	1149.0
20	23	19	12	1513.0
20	24	19	14	1563.0
20	25	19	1	890.0
20	26	18	8	1606.0
20	27	19	23	1337.0
20	28	19	7	1151.0
20	29	19	7	850.0
20	30	17	16	1147.0
20	31	19	18	808.5
21	0	4	9	1021.5
21	1	19	2	1208.0
21	2	4	11	1525.0
21	3	17	6	1619.0
21	4	6	8	843.0
21	5	6	16	939.5
21	6	2	7	733.5
21	7	1	20	909.5
21	8	17	6	1624.0
21	9	7	5	1225.0
21	10	19	8	1547.0
21	11	19	1	1047.0
21	12	18	2	1073.0
21	13	20	10	577.0
21	14	20	10	723.0
21	15	17	0	849.5
21	16	18	13	179.0
21	17	19	29	366.5
21	18	20	19	225.0
21	19	20	8	1121.0
21	20	20	5	575.0
21	21	20	5	759.5
21	22	17	17	877.0
21	23	19	5	840.0
21	24	20	10	545.5
21	25	18	2	945.5
21	26	20	9	1018.0
21	27	20	11	1001.5
21	28	17	17	767.5
21	29	17	17	1022.5
21	30	17	17	899.5
21	31	17	16	1215.0
22	0	21	28	910.0
22	1	21	28	1188.0
22	2	20	20	1060.0
22	3	18	31	1133.0
22	4	17	19	764.0
22	5	21	18	532.5
22	6	20	17	491.0
22	7	19	30	701.0
22	8	20	9	1224.0
22	9	19	11	1322.0
22	10	21	13	1128.0
22	11	21	26	1395.0
22	12	20	2	1100.0
22	13	20	2	958.0
22	14	20	1	1228.0
22	15	20	2	833.0
22	16	21	6	895.5
22	17	19	30	724.0
22	18	16	5	1155.0
22	19	21	6	1081.0
22	20	19	29	205.5
22	21	18	13	165.625
22	22	19	24	187.875
22	23	19	24	124.4375
22	24	18	15	538.0
22	25	18	31	849.5
22	26	18	1	282.25
22	27	21	14	1029.0
22	28	19	0	1216.0
22	29	19	0	1288.0
22	30	18	31	921.0
22	31	19	1	962.5
23	0	19	16	890.5
23	1	19	31	466.25
23	2	21	18	253.75
23	3	18	3	187.125
23	4	19	1	658.0
23	5	19	1	744.5
23	6	19	1	792.5
23	7	19	1	973.5
23	8	20	10	675.5
23	9	21	13	811.5
23	10	19	29	298.25
23	11	21	16	152.875
23	12	19	1	655.5
23	13	18	6	550.0
23	14	22	20	433.25
23	15	2	17	397.5
23	16	2	31	777.0
23	17	19	7	792.5
23	18	17	17	773.0
23	19	20	31	983.5
23	20	19	1	811.5
23	21	18	31	863.0
23	22	19	1	839.0
23	23	3	11	653.5
23	24	17	1	783.5
23	25	21	24	832.5
23	26	22	23	140.625
23	27	21	13	882.0
23	28	19	7	628.5
23	29	20	7	438.25
23	30	3	17	595.5
23	31	3	6	569.5
24	0	23	11	127.9375
24	1	19	28	301.5
24	2	19	28	344.5
24	3	19	25	471.0
24	4	18	3	170.625
24	5	19	24	100.4375
24	6	23	11	182.625
24	7	20	16	409.75
24	8	19	24	144.0
24	9	19	24	158.75
24	10	19	24	125.9375
24	11	19	24	93.625
24	12	22	7	874.0
24	13	22	7	997.5
24	14	22	4	1119.0
24	15	19	7	786.0
24	16	23	12	699.5
24	17	23	13	453.75
24	18	23	13	847.0
24	19	23	21	917.0
24	20	23	13	609.0
24	21	18	5	716.0
24	22	23	13	483.0
24	23	23	13	625.0
24	24	22	15	635.0
24	25	23	13	574.0
24	26	23	12	793.5
24	27	22	14	1409.0
24	28	23	31	536.0
24	29	3	19	760.0
24	30	3	18	577.0
24	31	21	16	248.25
25	0	20	19	281.25
25	1	22	5	548.0
25	2	24	7	403.5
25	3	20	19	584.5
25	4	24	17	431.75
25	5	24	24	767.0
25	6	23	13	725.0
25	7	24	17	494.75
25	8	20	19	233.75
25	9	18	13	176.875
25	10	24	0	205.375
25	11	20	8	1020.0
25	12	24	17	613.0
25	13	24	17	583.0
25	14	24	17	519.5
25	15	24	17	612.0
25	16	24	2	550.5
25	17	20	10	729.5
25	18	21	6	1319.0
25	19	24	2	592.5
25	20	1	20	649.5
25	21	3	19	529.0
25	22	3	17	485.75
25	23	3	17	630.5
25	24	24	8	292.5
25	25	24	11	101.125
25	26	19	28	210.25
25	27	19	28	267.25
25	28	24	8	305.75
25	29	24	8	252.375
25	30	24	11	133.625
25	31	24	8	257.5
26	0	21	3	1772.0
26	1	8	23	1330.0
26	2	15	18	1518.0
26	3	21	2	1390.0
26	4	23	3	285.25
26	5	23	11	301.0
26	6	25	0	323.0
26	7	24	0	247.125
26	8	20	19	369.25
26	9	23	2	373.25
26	10	19	16	827.0
26	11	24	31	607.5
26	12	24	17	517.0
26	13	24	24	659.0
26	14	23	13	519.0
26	15	24	24	1075.0
26	16	23	3	230.0
26	17	21	16	256.0
26	18	19	1	643.5
26	19	25	18	1304.0
26	20	2	6	1194.0
26	21	20	29	877.0
26	22	4	5	1149.0
26	23	22	16	1204.0
26	24	24	2	492.5
26	25	19	29	272.75
26	26	23	1	823.0
26	27	25	17	1141.0
26	28	23	4	701.5
26	29	24	17	478.0
26	30	25	18	1204.0
26	31	25	4	488.0
27	0	24	11	234.625
27	1	25	27	623.5
27	2	19	28	290.75
27	3	25	26	273.0
27	4	26	13	620.0
27	5	26	15	998.0
27	6	26	13	896.5
27	7	24	27	1148.0
27	8	26	21	825.5
27	9	25	24	500.25
27	10	1	27	547.0
27	11	26	22	1160.0
27	12	26	11	687.5
27	13	23	0	950.0
27	14	16	31	1711.0
27	15	22	4	672.0
27	16	26	30	809.5
27	17	19	29	193.875
27	18	22	20	294.0
27	19	22	23	190.875
27	20	26	12	445.75
27	21	23	7	905.5
27	22	26	12	522.0
27	23	24	17	418.75
27	24	20	19	283.5
27	25	22	21	163.5
27	26	24	11	89.75
27	27	24	11	111.1875
27	28	3	27	1252.0
27	29	25	24	403.5
27	30	22	4	1001.5
27	31	26	16	693.5
28	0	27	16	1079.0
28	1	20	19	261.5
28	2	18	13	183.625
28	3	20	11	1090.0
28	4	25	30	285.75
28	5	25	31	435.5
28	6	1	27	404.5
28	7	19	26	363.0
28	8	21	23	1069.0
28	9	21	6	846.0
28	10	26	23	1043.0
28	11	12	20	1473.0
28	12	26	28	753.0
28	13	25	14	653.0
28	14	26	28	847.0
28	15	27	21	1055.0
28	16	23	3	339.75
28	17	4	11	846.0
28	18	27	16	911.5
28	19	23	11	182.375
28	20	26	30	1253.0
28	21	21	3	1613.0
28	22	3	6	409.25
28	23	27	16	1119.0
28	24	17	17	748.5
28	25	1	2	969.0
28	26	21	4	646.0
28	27	24	24	933.5
28	28	25	27	398.5
28	29	26	1	1300.0
28	30	26	23	1073.0
28	31	19	30	568.5
29	0	19	28	415.75
29	1	18	13	170.0
29	2	20	19	508.0
29	3	20	19	288.75
29	4	18	13	200.375
29	5	18	13	188.25
29	6	25	25	164.875
29	7	25	25	210.25
29	8	26	19	1286.0
29	9	28	18	1164.0
29	10	28	21	1403.0
29	11	28	18	948.0
29	12	20	19	264.5
29	13	18	13	216.375
29	14	20	19	218.625
29	15	24	11	157.25
29	16	23	2	460.75
29	17	20	19	201.875
29	18	25	25	139.875
29	19	20	19	255.875
29	20	27	5	1241.0
29	21	21	21	1127.0
29	22	25	3	747.5
29	23	28	15	1323.0
29	24	3	17	402.75
29	25	25	21	1170.0
29	26	3	17	529.0
29	27	28	26	687.0
29	28	23	8	1069.0
29	29	23	2	480.0
29	30	25	2	783.5
29	31	28	23	1187.0
30	0	28	21	1368.0
30	1	28	10	1088.0
30	2	28	0	1065.0
30	3	24	23	1023.0
30	4	29	13	295.5
30	5	29	13	370.75
30	6	28	10	1244.0
30	7	29	19	361.5
30	8	29	23	1109.0
30	9	28	23	1251.0
30	10	2	7	843.0
30	11	29	20	1011.0
30	12	22	28	1063.0
30	13	29	23	1153.0
30	14	24	26	926.5
30	15	24	24	970.0
30	16	15	19	1618.0
30	17	27	13	1520.0
30	18	27	14	2262.0
30	19	13	29	1658.0
30	20	29	16	807.5
30	21	27	23	476.25
30	22	28	9	967.0
30	23	5	26	788.0
30	24	26	1	1200.0
30	25	29	10	1518.0
30	26	29	11	969.0
30	27	28	0	1520.0
30	28	28	25	944.5
30	29	24	25	908.0
30	30	22	13	1107.0
30	31	29	23	1234.0
31	0	26	1	1211.0
31	1	25	23	848.0
31	2	28	11	1383.0
31	3	28	6	837.5
31	4	30	7	423.0
31	5	29	25	937.5
31	6	30	22	1006.0
31	7	28	18	1180.0
31	8	25	27	364.5
31	9	28	6	475.75
31	10	30	7	474.75
31	11	26	0	1774.0
31	12	20	22	1266.0
31	13	27	21	979.0
31	14	12	12	1032.0
31	15	30	22	1162.0
31	16	21	23	1014.5
31	17	20	7	768.0
31	18	25	21	1089.0
31	19	21	23	1023.0
31	20	30	21	642.0
31	21	30	15	1074.0
31	22	30	13	1220.0
31	23	29	25	1229.0
31	24	25	21	841.5
31	25	29	25	1106.0
31	26	30	22	1200.0
31	27	26	20	1193.0
31	28	29	8	1471.0
31	29	29	23	1262.0
31	30	30	14	1335.0
31	31	30	19	1447.0
