Layer	Head	Similar Layer	Similar Head	Diff
1	0	0	0	36896.0
1	1	0	0	38272.0
1	2	0	0	38432.0
1	3	0	0	38080.0
1	4	0	0	32496.0
1	5	0	0	32592.0
1	6	0	2	32992.0
1	7	0	4	30576.0
1	8	0	23	29472.0
1	9	0	27	43360.0
1	10	0	0	28736.0
1	11	0	5	33952.0
1	12	0	9	23504.0
1	13	0	2	36192.0
1	14	0	14	26528.0
1	15	0	0	32208.0
1	16	0	26	37472.0
1	17	0	0	33536.0
1	18	0	2	36000.0
1	19	0	0	31680.0
1	20	0	2	36832.0
1	21	0	0	32144.0
1	22	0	9	18688.0
1	23	0	9	25200.0
1	24	0	2	35040.0
1	25	0	3	31584.0
1	26	0	2	37504.0
1	27	0	4	35968.0
1	28	0	9	15264.0
1	29	0	10	15088.0
1	30	0	7	33600.0
1	31	0	25	23152.0
2	0	1	27	31776.0
2	1	1	27	33024.0
2	2	1	27	34240.0
2	3	1	27	31360.0
2	4	0	23	24112.0
2	5	0	23	21696.0
2	6	1	28	19296.0
2	7	1	2	33920.0
2	8	0	1	38048.0
2	9	1	16	38976.0
2	10	0	10	22128.0
2	11	0	26	31696.0
2	12	1	23	33856.0
2	13	1	23	34848.0
2	14	0	9	26416.0
2	15	1	23	32704.0
2	16	1	30	33920.0
2	17	0	25	32704.0
2	18	1	11	34368.0
2	19	1	12	20848.0
2	20	1	23	34528.0
2	21	0	31	46400.0
2	22	1	23	36800.0
2	23	1	23	32928.0
2	24	0	7	30320.0
2	25	1	23	25840.0
2	26	1	23	32528.0
2	27	0	7	36448.0
2	28	0	1	33280.0
2	29	0	9	34144.0
2	30	0	1	36416.0
2	31	0	1	35808.0
3	0	2	19	22208.0
3	1	2	19	31360.0
3	2	2	19	30576.0
3	3	2	24	33312.0
3	4	1	5	36736.0
3	5	1	17	35520.0
3	6	1	5	34272.0
3	7	1	17	34176.0
3	8	1	10	33984.0
3	9	1	10	33664.0
3	10	1	3	35232.0
3	11	2	2	35744.0
3	12	2	19	30416.0
3	13	2	19	29296.0
3	14	2	19	32384.0
3	15	1	2	33472.0
3	16	1	1	35520.0
3	17	1	20	35136.0
3	18	1	20	34752.0
3	19	1	1	36160.0
3	20	1	2	34816.0
3	21	2	19	36320.0
3	22	2	19	35488.0
3	23	1	14	32656.0
3	24	2	17	28272.0
3	25	1	2	32512.0
3	26	2	18	28000.0
3	27	2	5	28304.0
3	28	2	5	30304.0
3	29	2	6	26384.0
3	30	2	5	34208.0
3	31	2	5	31264.0
4	0	3	20	22992.0
4	1	3	20	18240.0
4	2	3	20	24960.0
4	3	3	14	32000.0
4	4	2	7	26976.0
4	5	2	4	29120.0
4	6	3	0	29136.0
4	7	2	7	30304.0
4	8	3	13	26544.0
4	9	3	13	28224.0
4	10	3	13	25120.0
4	11	3	23	28576.0
4	12	1	16	32480.0
4	13	0	7	31808.0
4	14	3	26	35488.0
4	15	1	28	27504.0
4	16	2	23	24960.0
4	17	3	20	30336.0
4	18	3	20	25888.0
4	19	2	14	25472.0
4	20	0	10	21584.0
4	21	3	20	28432.0
4	22	3	13	26256.0
4	23	3	22	23216.0
4	24	2	28	30864.0
4	25	2	28	30048.0
4	26	2	3	29552.0
4	27	2	0	32800.0
4	28	3	1	28352.0
4	29	3	1	30112.0
4	30	3	21	30096.0
4	31	3	21	30720.0
5	0	4	3	31616.0
5	1	4	20	24656.0
5	2	3	16	31328.0
5	3	4	3	30160.0
5	4	4	10	29792.0
5	5	4	19	28512.0
5	6	4	10	26640.0
5	7	4	20	23200.0
5	8	2	21	26864.0
5	9	2	21	26464.0
5	10	2	21	26400.0
5	11	4	19	24192.0
5	12	3	9	27664.0
5	13	3	10	23072.0
5	14	3	10	23136.0
5	15	3	10	24656.0
5	16	4	10	25136.0
5	17	4	6	29568.0
5	18	4	28	30400.0
5	19	2	5	28064.0
5	20	4	23	23968.0
5	21	3	1	26912.0
5	22	1	22	20256.0
5	23	4	20	22832.0
5	24	4	20	31520.0
5	25	4	22	27408.0
5	26	4	10	28256.0
5	27	2	6	23328.0
5	28	4	24	31312.0
5	29	4	24	34528.0
5	30	4	27	33600.0
5	31	1	4	34400.0
6	0	2	4	27024.0
6	1	4	5	27488.0
6	2	4	19	37280.0
6	3	5	7	28688.0
6	4	4	10	26848.0
6	5	5	19	27312.0
6	6	5	17	27488.0
6	7	5	16	27888.0
6	8	5	2	33536.0
6	9	1	22	29344.0
6	10	3	11	28528.0
6	11	5	2	29552.0
6	12	5	15	29408.0
6	13	5	15	30384.0
6	14	2	4	31744.0
6	15	3	8	27168.0
6	16	4	17	32480.0
6	17	2	4	31360.0
6	18	2	18	33248.0
6	19	5	15	29632.0
6	20	4	10	26048.0
6	21	4	10	27600.0
6	22	4	15	32016.0
6	23	4	15	26688.0
6	24	4	0	29232.0
6	25	5	24	24768.0
6	26	4	0	35424.0
6	27	4	20	22080.0
6	28	4	19	36064.0
6	29	4	1	35488.0
6	30	3	20	26976.0
6	31	4	19	34272.0
7	0	6	11	31264.0
7	1	4	18	26640.0
7	2	4	18	30944.0
7	3	4	16	30192.0
7	4	2	4	22000.0
7	5	4	17	35072.0
7	6	5	7	23680.0
7	7	4	20	23440.0
7	8	3	28	31472.0
7	9	3	28	31376.0
7	10	3	29	33088.0
7	11	3	28	33632.0
7	12	4	28	26432.0
7	13	4	28	26880.0
7	14	4	30	28224.0
7	15	4	20	24096.0
7	16	5	27	26032.0
7	17	5	27	29824.0
7	18	5	27	27152.0
7	19	5	27	30304.0
7	20	5	27	25632.0
7	21	4	21	30720.0
7	22	6	6	30208.0
7	23	0	9	19056.0
7	24	5	7	24960.0
7	25	6	28	30448.0
7	26	5	7	22448.0
7	27	1	22	23360.0
7	28	5	27	29664.0
7	29	4	3	29840.0
7	30	5	20	28816.0
7	31	4	28	27376.0
8	0	7	7	28192.0
8	1	5	8	25392.0
8	2	7	27	24192.0
8	3	7	27	27936.0
8	4	3	20	29376.0
8	5	5	20	27168.0
8	6	3	13	27280.0
8	7	5	23	23712.0
8	8	7	22	31680.0
8	9	7	25	26080.0
8	10	7	26	26704.0
8	11	7	25	25088.0
8	12	7	18	27792.0
8	13	7	17	28368.0
8	14	7	18	26688.0
8	15	7	17	24560.0
8	16	4	2	27056.0
8	17	3	20	21232.0
8	18	3	20	24752.0
8	19	5	20	29120.0
8	20	7	18	26880.0
8	21	7	18	24864.0
8	22	7	19	31136.0
8	23	7	18	27008.0
8	24	6	6	28512.0
8	25	7	22	30576.0
8	26	7	22	27504.0
8	27	7	22	26768.0
8	28	6	20	28624.0
8	29	7	22	30736.0
8	30	6	21	28672.0
8	31	6	29	31104.0
9	0	8	30	22576.0
9	1	8	30	25376.0
9	2	8	9	25888.0
9	3	8	29	27888.0
9	4	8	18	25680.0
9	5	4	3	27024.0
9	6	8	19	28112.0
9	7	3	20	18992.0
9	8	6	15	25312.0
9	9	6	15	27984.0
9	10	6	13	28304.0
9	11	5	13	29520.0
9	12	8	0	28224.0
9	13	8	9	27376.0
9	14	8	2	22816.0
9	15	0	9	23600.0
9	16	8	2	24304.0
9	17	8	28	25808.0
9	18	8	2	27024.0
9	19	8	2	27680.0
9	20	8	24	25296.0
9	21	7	15	22672.0
9	22	8	24	26064.0
9	23	7	15	23312.0
9	24	8	5	26352.0
9	25	8	9	28960.0
9	26	8	6	26784.0
9	27	6	31	29792.0
9	28	8	3	25680.0
9	29	8	3	26064.0
9	30	2	6	23568.0
9	31	8	9	24896.0
10	0	9	28	24400.0
10	1	9	31	21056.0
10	2	5	9	23792.0
10	3	8	9	22080.0
10	4	7	26	25072.0
10	5	9	7	23456.0
10	6	7	22	26448.0
10	7	9	25	26464.0
10	8	7	15	21920.0
10	9	7	31	28048.0
10	10	7	15	27936.0
10	11	8	4	29424.0
10	12	8	1	29200.0
10	13	9	27	20688.0
10	14	8	9	26976.0
10	15	6	4	28240.0
10	16	4	10	30304.0
10	17	9	28	19216.0
10	18	9	31	22160.0
10	19	9	28	24816.0
10	20	9	22	25696.0
10	21	9	0	25664.0
10	22	9	23	27680.0
10	23	9	0	23264.0
10	24	9	0	23552.0
10	25	8	26	27232.0
10	26	7	13	23760.0
10	27	8	25	26160.0
10	28	9	28	27648.0
10	29	7	23	23856.0
10	30	7	27	26688.0
10	31	7	25	26128.0
11	0	10	26	24800.0
11	1	10	24	23168.0
11	2	10	26	24560.0
11	3	10	26	23408.0
11	4	8	30	27552.0
11	5	10	18	23408.0
11	6	10	3	18672.0
11	7	8	9	23792.0
11	8	9	17	28240.0
11	9	8	2	27584.0
11	10	9	24	30112.0
11	11	7	26	27136.0
11	12	10	31	20304.0
11	13	9	17	24128.0
11	14	9	23	24864.0
11	15	10	29	24768.0
11	16	7	8	35200.0
11	17	2	10	33376.0
11	18	9	15	26656.0
11	19	0	7	35904.0
11	20	8	10	25328.0
11	21	9	20	22736.0
11	22	9	28	20352.0
11	23	10	17	16848.0
11	24	10	24	24064.0
11	25	9	23	24416.0
11	26	9	23	24304.0
11	27	9	21	26928.0
11	28	10	3	25136.0
11	29	6	25	32048.0
11	30	10	19	28704.0
11	31	6	30	29360.0
12	0	11	18	22048.0
12	1	11	18	20640.0
12	2	8	7	25328.0
12	3	11	18	25888.0
12	4	11	24	23488.0
12	5	11	24	22512.0
12	6	11	24	22992.0
12	7	11	24	21232.0
12	8	11	24	23712.0
12	9	11	24	24752.0
12	10	11	15	23104.0
12	11	11	24	22336.0
12	12	1	28	31296.0
12	13	7	18	28752.0
12	14	11	21	21120.0
12	15	7	16	25760.0
12	16	11	17	30608.0
12	17	10	9	31616.0
12	18	10	9	31456.0
12	19	5	28	30800.0
12	20	8	2	27840.0
12	21	11	1	26688.0
12	22	9	26	28768.0
12	23	11	3	23616.0
12	24	10	16	28224.0
12	25	11	24	27824.0
12	26	8	2	26720.0
12	27	8	2	25520.0
12	28	9	30	27072.0
12	29	9	30	26448.0
12	30	11	23	25840.0
12	31	11	25	25392.0
13	0	11	7	27024.0
13	1	10	18	24640.0
13	2	10	19	24752.0
13	3	10	31	26976.0
13	4	9	27	27072.0
13	5	9	12	28192.0
13	6	9	31	26432.0
13	7	12	11	23504.0
13	8	10	18	20672.0
13	9	11	22	25840.0
13	10	11	7	25568.0
13	11	10	18	24896.0
13	12	11	21	25888.0
13	13	10	18	21632.0
13	14	11	22	26224.0
13	15	11	21	24320.0
13	16	11	23	18272.0
13	17	11	5	21728.0
13	18	9	31	21984.0
13	19	12	14	24208.0
13	20	12	14	26224.0
13	21	10	31	23008.0
13	22	12	21	27136.0
13	23	12	14	24448.0
13	24	2	10	25120.0
13	25	2	10	24256.0
13	26	9	27	26608.0
13	27	11	5	25648.0
13	28	12	7	26976.0
13	29	7	15	23952.0
13	30	10	5	26320.0
13	31	11	2	22944.0
14	0	13	16	18208.0
14	1	13	16	17984.0
14	2	13	15	19424.0
14	3	13	16	17904.0
14	4	13	19	20304.0
14	5	13	11	22080.0
14	6	13	15	20832.0
14	7	13	15	22400.0
14	8	12	18	31616.0
14	9	12	18	27808.0
14	10	12	18	26912.0
14	11	12	18	24304.0
14	12	13	14	21936.0
14	13	13	8	17504.0
14	14	13	16	18848.0
14	15	13	16	20160.0
14	16	11	23	22416.0
14	17	10	1	29968.0
14	18	13	16	23952.0
14	19	10	2	24960.0
14	20	13	17	17600.0
14	21	12	31	23264.0
14	22	13	17	19632.0
14	23	10	29	22032.0
14	24	13	15	24368.0
14	25	13	15	25008.0
14	26	3	17	31200.0
14	27	10	21	25792.0
14	28	13	16	16736.0
14	29	13	18	17552.0
14	30	13	17	18560.0
14	31	13	1	21296.0
15	0	4	3	28224.0
15	1	8	1	26752.0
15	2	13	27	27248.0
15	3	14	29	24592.0
15	4	13	25	27136.0
15	5	11	18	24592.0
15	6	13	28	26352.0
15	7	11	17	27584.0
15	8	12	11	23744.0
15	9	0	9	21248.0
15	10	14	21	19168.0
15	11	13	16	19952.0
15	12	6	7	28944.0
15	13	14	1	20464.0
15	14	14	1	22384.0
15	15	14	1	22848.0
15	16	14	23	20608.0
15	17	13	27	21872.0
15	18	14	0	24016.0
15	19	13	31	24848.0
15	20	14	1	18496.0
15	21	14	1	18528.0
15	22	14	2	17248.0
15	23	14	1	18576.0
15	24	14	15	22336.0
15	25	14	15	20656.0
15	26	14	2	19680.0
15	27	14	15	20912.0
15	28	14	19	28544.0
15	29	13	27	24000.0
15	30	14	19	27664.0
15	31	5	14	29120.0
16	0	15	29	21008.0
16	1	15	29	22240.0
16	2	14	16	19872.0
16	3	15	16	20304.0
16	4	15	9	23760.0
16	5	15	9	19632.0
16	6	15	9	21664.0
16	7	15	9	19088.0
16	8	14	3	22848.0
16	9	15	15	25408.0
16	10	15	26	19888.0
16	11	15	26	27616.0
16	12	12	25	29552.0
16	13	12	23	28352.0
16	14	7	29	28848.0
16	15	12	0	25568.0
16	16	15	10	18592.0
16	17	15	10	20288.0
16	18	15	25	22208.0
16	19	14	22	17280.0
16	20	15	30	20320.0
16	21	15	3	23728.0
16	22	8	6	30592.0
16	23	15	28	21312.0
16	24	14	3	19408.0
16	25	14	22	21168.0
16	26	14	3	21408.0
16	27	13	13	21088.0
16	28	15	8	25120.0
16	29	5	16	33184.0
16	30	15	31	29968.0
16	31	0	9	21312.0
17	0	15	25	23200.0
17	1	16	18	21376.0
17	2	16	5	22544.0
17	3	16	17	21856.0
17	4	15	6	27888.0
17	5	16	6	26256.0
17	6	15	10	21040.0
17	7	16	17	24768.0
17	8	15	16	24464.0
17	9	7	26	26784.0
17	10	15	16	24112.0
17	11	7	20	31520.0
17	12	8	21	28496.0
17	13	15	9	20304.0
17	14	15	16	23168.0
17	15	1	28	22016.0
17	16	3	20	24464.0
17	17	3	20	17840.0
17	18	6	21	29888.0
17	19	12	24	27520.0
17	20	13	24	27392.0
17	21	16	25	16960.0
17	22	13	16	20240.0
17	23	16	24	21648.0
17	24	16	19	18688.0
17	25	16	0	20912.0
17	26	16	25	16216.0
17	27	16	19	17856.0
17	28	16	19	19120.0
17	29	16	25	18992.0
17	30	4	9	29712.0
17	31	16	19	18400.0
18	0	17	6	23872.0
18	1	17	13	23520.0
18	2	16	18	22640.0
18	3	17	13	24768.0
18	4	17	26	24160.0
18	5	16	16	26992.0
18	6	16	9	30880.0
18	7	17	19	27824.0
18	8	17	26	19872.0
18	9	16	24	19296.0
18	10	4	10	27088.0
18	11	12	31	27024.0
18	12	17	13	15864.0
18	13	17	13	24096.0
18	14	17	13	20992.0
18	15	17	13	20608.0
18	16	17	22	20960.0
18	17	15	15	27472.0
18	18	16	24	22128.0
18	19	17	21	25184.0
18	20	17	27	18208.0
18	21	16	24	22480.0
18	22	16	19	19872.0
18	23	16	24	23056.0
18	24	15	10	27104.0
18	25	12	25	30176.0
18	26	12	25	34272.0
18	27	12	25	26864.0
18	28	16	2	20160.0
18	29	16	2	22000.0
18	30	15	16	21024.0
18	31	15	10	23280.0
19	0	18	20	22496.0
19	1	18	22	24672.0
19	2	18	20	23072.0
19	3	16	19	19856.0
19	4	17	16	26544.0
19	5	17	9	26752.0
19	6	17	16	27408.0
19	7	7	12	29888.0
19	8	12	27	28592.0
19	9	16	19	20848.0
19	10	18	11	27440.0
19	11	17	22	18704.0
19	12	16	0	27072.0
19	13	16	0	22608.0
19	14	16	0	21120.0
19	15	15	2	28192.0
19	16	18	3	23072.0
19	17	18	1	21824.0
19	18	18	1	28000.0
19	19	16	5	25584.0
19	20	13	25	24704.0
19	21	18	5	28480.0
19	22	16	7	25120.0
19	23	18	30	24096.0
19	24	16	18	27440.0
19	25	16	18	25280.0
19	26	7	1	32800.0
19	27	18	18	23968.0
19	28	17	20	29456.0
19	29	17	19	28688.0
19	30	18	10	27360.0
19	31	16	28	29952.0
20	0	18	16	21072.0
20	1	19	3	18672.0
20	2	18	22	21056.0
20	3	16	27	24848.0
20	4	17	9	25600.0
20	5	17	9	25600.0
20	6	17	9	24768.0
20	7	19	5	28064.0
20	8	16	6	29536.0
20	9	17	0	22768.0
20	10	17	3	21648.0
20	11	17	1	20544.0
20	12	18	16	20784.0
20	13	18	28	20064.0
20	14	19	3	15472.0
20	15	19	3	23600.0
20	16	18	3	24016.0
20	17	19	29	26544.0
20	18	19	17	22304.0
20	19	19	16	21952.0
20	20	19	13	25264.0
20	21	4	9	27552.0
20	22	18	5	28064.0
20	23	19	13	20320.0
20	24	19	3	21168.0
20	25	19	3	20176.0
20	26	16	19	19440.0
20	27	16	2	20416.0
20	28	17	15	30208.0
20	29	18	15	30784.0
20	30	16	19	25664.0
20	31	16	18	23744.0
21	0	19	10	28224.0
21	1	20	26	23168.0
21	2	20	23	22640.0
21	3	16	2	18240.0
21	4	18	26	34848.0
21	5	18	26	33568.0
21	6	18	26	31744.0
21	7	18	26	33952.0
21	8	16	19	17568.0
21	9	4	9	29952.0
21	10	4	9	29520.0
21	11	20	26	19616.0
21	12	18	2	21488.0
21	13	20	9	22736.0
21	14	18	2	22640.0
21	15	18	2	22160.0
21	16	19	16	27008.0
21	17	19	16	25792.0
21	18	19	16	24000.0
21	19	20	17	26720.0
21	20	19	18	29696.0
21	21	17	16	30144.0
21	22	19	19	28912.0
21	23	19	5	27264.0
21	24	18	21	21712.0
21	25	20	27	23632.0
21	26	18	16	21024.0
21	27	19	11	20800.0
21	28	20	20	32032.0
21	29	18	19	29856.0
21	30	19	1	28512.0
21	31	20	20	26272.0
22	0	20	23	19840.0
22	1	20	1	21792.0
22	2	20	1	22176.0
22	3	19	23	26880.0
22	4	17	13	21952.0
22	5	17	13	21328.0
22	6	17	13	18608.0
22	7	12	0	24736.0
22	8	21	8	20576.0
22	9	17	22	22080.0
22	10	21	26	22496.0
22	11	21	26	20784.0
22	12	20	1	17440.0
22	13	19	3	18928.0
22	14	21	8	16560.0
22	15	19	3	17296.0
22	16	16	13	30336.0
22	17	16	13	27728.0
22	18	13	29	25984.0
22	19	16	13	25552.0
22	20	21	24	30624.0
22	21	5	20	27056.0
22	22	18	5	29216.0
22	23	21	24	27296.0
22	24	21	17	25824.0
22	25	15	27	23904.0
22	26	19	17	21040.0
22	27	20	10	22928.0
22	28	20	26	19456.0
22	29	21	8	17696.0
22	30	18	30	23584.0
22	31	20	1	23824.0
23	0	22	6	18672.0
23	1	20	19	22832.0
23	2	22	6	17584.0
23	3	20	19	21936.0
23	4	22	30	24864.0
23	5	22	29	16432.0
23	6	22	28	20048.0
23	7	22	29	21968.0
23	8	20	10	23824.0
23	9	16	5	20992.0
23	10	22	25	23296.0
23	11	15	9	22096.0
23	12	22	14	15776.0
23	13	22	28	16560.0
23	14	22	12	19456.0
23	15	19	21	30560.0
23	16	3	15	29056.0
23	17	8	5	27424.0
23	18	19	19	28688.0
23	19	3	13	27904.0
23	20	22	14	19056.0
23	21	22	9	25424.0
23	22	22	14	17696.0
23	23	18	11	26656.0
23	24	18	23	23600.0
23	25	21	8	21280.0
23	26	20	10	21088.0
23	27	22	14	23392.0
23	28	10	9	30064.0
23	29	10	11	31472.0
23	30	10	11	31056.0
23	31	10	11	31120.0
24	0	23	9	18944.0
24	1	22	6	18912.0
24	2	23	9	21472.0
24	3	23	26	21200.0
24	4	20	16	20944.0
24	5	23	3	21808.0
24	6	22	5	20272.0
24	7	22	6	15520.0
24	8	21	19	29760.0
24	9	21	19	27344.0
24	10	21	19	26192.0
24	11	21	19	26192.0
24	12	16	31	19904.0
24	13	22	4	24336.0
24	14	0	10	17552.0
24	15	21	18	27840.0
24	16	22	28	17840.0
24	17	22	14	15136.0
24	18	22	29	20736.0
24	19	22	9	23568.0
24	20	22	14	20720.0
24	21	18	5	25792.0
24	22	23	12	15424.0
24	23	22	14	14976.0
24	24	22	14	11624.0
24	25	22	14	16896.0
24	26	22	14	15640.0
24	27	22	14	13296.0
24	28	15	0	29856.0
24	29	22	16	30784.0
24	30	4	17	33152.0
24	31	22	19	28928.0
25	0	22	6	16544.0
25	1	23	0	18704.0
25	2	24	7	18112.0
25	3	24	7	21168.0
25	4	24	22	17984.0
25	5	22	14	16304.0
25	6	24	24	18496.0
25	7	23	12	17456.0
25	8	0	25	29184.0
25	9	21	17	27520.0
25	10	17	20	26032.0
25	11	21	19	25744.0
25	12	24	16	20112.0
25	13	24	24	16816.0
25	14	24	17	19152.0
25	15	24	24	14904.0
25	16	24	2	22144.0
25	17	20	9	22144.0
25	18	20	9	23200.0
25	19	23	19	28752.0
25	20	1	20	34336.0
25	21	4	4	31248.0
25	22	1	20	34624.0
25	23	1	1	35872.0
25	24	24	9	27328.0
25	25	24	11	26528.0
25	26	24	6	24688.0
25	27	24	11	25472.0
25	28	23	3	29312.0
25	29	19	31	30864.0
25	30	18	15	31392.0
25	31	20	29	31408.0
26	0	24	27	20848.0
26	1	20	0	22688.0
26	2	21	3	21664.0
26	3	24	27	19872.0
26	4	22	6	17680.0
26	5	24	0	18656.0
26	6	25	0	16768.0
26	7	24	7	16512.0
26	8	22	6	15328.0
26	9	22	6	18192.0
26	10	22	6	17488.0
26	11	22	6	18720.0
26	12	24	24	18112.0
26	13	22	14	15080.0
26	14	24	24	15616.0
26	15	22	14	12272.0
26	16	22	5	23376.0
26	17	22	5	21712.0
26	18	17	14	22656.0
26	19	25	0	24544.0
26	20	0	10	25072.0
26	21	17	15	25920.0
26	22	8	21	22784.0
26	23	17	13	25952.0
26	24	24	0	21120.0
26	25	24	0	25056.0
26	26	18	27	26784.0
26	27	24	3	20752.0
26	28	21	27	23360.0
26	29	22	14	17040.0
26	30	23	25	23744.0
26	31	24	24	16544.0
27	0	21	19	24688.0
27	1	24	11	25824.0
27	2	24	10	25264.0
27	3	21	19	24784.0
27	4	26	13	13600.0
27	5	26	15	11512.0
27	6	26	15	13688.0
27	7	26	15	13440.0
27	8	23	28	25760.0
27	9	23	28	28032.0
27	10	23	28	26112.0
27	11	23	28	25696.0
27	12	22	6	15504.0
27	13	24	7	14040.0
27	14	26	11	19152.0
27	15	24	14	18160.0
27	16	26	27	18784.0
27	17	26	24	22752.0
27	18	24	3	21376.0
27	19	23	26	22272.0
27	20	26	13	13792.0
27	21	21	8	20320.0
27	22	26	15	14928.0
27	23	26	15	11816.0
27	24	20	17	29296.0
27	25	21	19	28976.0
27	26	25	27	28800.0
27	27	25	27	30448.0
27	28	24	1	27536.0
27	29	4	17	30528.0
27	30	26	18	26304.0
27	31	25	0	25248.0
28	0	27	16	19712.0
28	1	26	18	27488.0
28	2	26	24	26320.0
28	3	23	9	25344.0
28	4	3	6	30960.0
28	5	3	6	27568.0
28	6	4	3	30912.0
28	7	4	5	31936.0
28	8	27	30	25472.0
28	9	20	28	27584.0
28	10	26	23	23248.0
28	11	0	23	24832.0
28	12	18	31	24560.0
28	13	27	20	22752.0
28	14	26	24	25888.0
28	15	26	27	20944.0
28	16	23	3	23312.0
28	17	17	6	24656.0
28	18	27	16	18576.0
28	19	23	26	24800.0
28	20	27	16	22336.0
28	21	21	3	22496.0
28	22	19	27	31792.0
28	23	27	16	22496.0
28	24	22	13	26880.0
28	25	25	16	29904.0
28	26	8	4	33952.0
28	27	27	6	19392.0
28	28	24	0	20512.0
28	29	15	16	20800.0
28	30	26	24	24160.0
28	31	17	15	24320.0
29	0	27	15	20896.0
29	1	1	28	19680.0
29	2	0	9	24032.0
29	3	1	28	21104.0
29	4	18	24	27504.0
29	5	18	5	26912.0
29	6	0	5	29328.0
29	7	6	23	27584.0
29	8	28	10	25520.0
29	9	26	3	19600.0
29	10	26	1	27632.0
29	11	28	18	18720.0
29	12	24	0	19760.0
29	13	24	0	19536.0
29	14	24	0	18528.0
29	15	24	0	20672.0
29	16	24	7	17552.0
29	17	26	10	18304.0
29	18	22	6	18336.0
29	19	26	10	20448.0
29	20	28	15	24304.0
29	21	28	18	26240.0
29	22	27	20	25504.0
29	23	28	15	22560.0
29	24	14	26	35232.0
29	25	14	26	35520.0
29	26	1	20	34560.0
29	27	14	26	35328.0
29	28	22	5	21616.0
29	29	22	6	16176.0
29	30	25	2	19920.0
29	31	27	16	25760.0
30	0	20	11	26000.0
30	1	28	0	22688.0
30	2	28	0	18048.0
30	3	29	20	24032.0
30	4	24	0	21136.0
30	5	29	17	21520.0
30	6	29	30	19440.0
30	7	29	14	18976.0
30	8	16	2	26176.0
30	9	28	18	22080.0
30	10	29	28	30080.0
30	11	27	5	16800.0
30	12	27	20	19936.0
30	13	29	23	21408.0
30	14	29	11	21216.0
30	15	29	20	17936.0
30	16	26	18	23184.0
30	17	29	16	16704.0
30	18	0	9	20128.0
30	19	26	10	23376.0
30	20	29	30	19312.0
30	21	29	22	19728.0
30	22	29	5	25280.0
30	23	27	12	21424.0
30	24	29	9	23536.0
30	25	28	21	24608.0
30	26	29	11	19360.0
30	27	29	11	23984.0
30	28	28	12	25264.0
30	29	27	23	21248.0
30	30	29	22	21152.0
30	31	29	23	22048.0
31	0	22	19	27104.0
31	1	22	19	25632.0
31	2	22	18	24928.0
31	3	22	17	29856.0
31	4	29	29	23648.0
31	5	4	26	29536.0
31	6	30	23	18800.0
31	7	30	6	21392.0
31	8	19	20	25680.0
31	9	3	28	30880.0
31	10	19	20	30464.0
31	11	26	0	28576.0
31	12	0	1	29904.0
31	13	24	14	20688.0
31	14	0	1	27072.0
31	15	23	16	27808.0
31	16	29	2	24192.0
31	17	29	18	25264.0
31	18	23	15	29152.0
31	19	29	17	21456.0
31	20	30	15	21008.0
31	21	30	15	21584.0
31	22	28	29	22624.0
31	23	8	4	33120.0
31	24	0	4	28336.0
31	25	23	19	30128.0
31	26	26	9	22336.0
31	27	24	14	19648.0
31	28	17	15	20576.0
31	29	29	23	21376.0
31	30	29	23	22976.0
31	31	29	13	19488.0
